0.7038306618284234
1.6016604427025871
1.3936317774952247
1.5690816832277692
3.7924491518660615
2.161222259289504
1.7921799639913623
67.0342046492663
1.125493373634684
0.8081427817074903
0.8643591938160591
9.426192220532705
1.4545248207057928
0.7136630858367844
0.9579018005441113
0.8047540035748642
0.9401631453226011
0.8436451672862827
1.7813098416706363
0.8304563319855102
1.0444654014045687
1.0110675005611596
0.77213375426983
1.1493941839031934
1.1266674758785094
1.0111548813580105
0.8680799485647792
0.9950851949016382
1.0073220356016175
0.962048214538413
0.9977957396477455
1.0479581434161997
1.5081995131897223
1.1079471513845867
0.6805089047471635
0.8576496145404602
1.1230071586510084
3.89049770523486
1.1305961446289456
0.8632187169733334
0.8440200103308535
1.0986706739523657
0.8986644523228342
1.0024901650435827
1.1193607127316212
1.2982055284580603
1.0120605197405763
0.9826940327244403
1.081451538881267
0.7722934359133745
1.0447211052180356
1.023791415680932
1.6048073980110538
0.9926237278833411
0.9044781753158521
0.9133837684862204
1.2570753138475892
1.195251787482353
1.1887975028673894
1.4656470102381027
0.7981919195050062
0.8056001435118378
1.4050868882353866
0.9683134987702615
1.3643068358148653
0.9847476956978776
0.9084368302842607
1.3255583495163274
1.2172623801351463
0.8656211386536359
1.430893555711081
1.338181730733535
0.7747535087596111
1.0564835073724705
1.5449986965771378
1.1281663532854183
1.6700442915847218
0.8930916639261021
1.3687884163121389
1.1024397871764748
1.3069239348052362
0.9325405188033503
0.7474849036254847
0.9366006999588272
1.210819101658258
0.8197374545747332
0.9202775013319991
0.9739677842992683
1.1079589131008183
0.5736134274233414
0.5060155727720138
0.6046687033560323
0.5106213034892993
0.5020338889786686
0.4879086518053893
0.5469423226216508
0.5099978760203333
0.6277878859852041
0.601754877860468
0.5210983741237022
0.634259550363828
0.5263607154984291
0.65133244994504
0.5214973823638586
0.5343081732553244
0.6280973365637252
0.5242938489046449
0.505985506118098
0.5015817618597569
0.5329200837301076
0.5038402437189907
0.6814311683112609
0.49012013450124686
0.6930950775881887
0.5418214103216481
0.6595787949346923
0.5871228245910528
0.5518249083051637
0.5105031578481536
0.6025464455843774
0.6073392471742178
0.5061266027584816
0.48501734832216487
0.5899716012227889
0.6061929458916042
0.5028019367687343
0.5966622824684822
0.5755277947571596
0.6386630573497035
0.5097040996992795
0.5907757077257703
0.5691275675234473
0.43410521768244376
0.5833759814726974
0.5394017952752262
0.4493088912472358
0.50337600176035
0.6072624016054057
0.7284253899379703
0.4493383066894992
0.5457078835082291
0.48929691164630956
0.5688368107211695
0.4403560201915241
0.4405208833459999
0.49520355018561935
0.623858331305604
0.4702162223044538
0.5822772718256619
0.4927274483214926
0.5650407478627355
0.6242576856473179
0.4914822665047889
0.5732783658941051
0.6089148890350893
0.688974964333474
0.5559951424781141
0.49339929998413157
0.5028714119783395
0.5622451717150891
0.4960873266079015
0.526636979927938
0.5597525885350039
0.5374217059871346
0.5776270095361576
0.5731890527915067
0.47441207672396807
0.5113828339870369
0.552681012454505
0.582701078968204
0.44451761920335636
0.5038692812609729
0.48701799782742
0.5792183646101052
0.5151877563626139
0.58180832058647
0.5345839756132453
0.5066319847899792
0.5387725142670715
0.539170359105132
0.4853194100702859
0.6276907960692276
0.6084728780943285
0.5447057007666519
0.5519638332843428
0.5778514155723806
0.5416829046598428
0.514756136576933
0.7307867586498094
0.5490788674405924
0.5160939602099545
0.5824690730408895
0.5652993742896537
0.5006840999678697
0.4119360317320147
0.5668430354070744
0.49576326454095054
0.5579691593866899
1.1113810893913998
0.5580609366523184
0.638379700605306
0.49553962810418334
0.5027364778596273
0.4981461795025378
0.5857948957394538
0.5577968121357544
0.5225718074953621
0.4743201301478059
0.5603960985892831
0.5496423576783072
0.5715198962850941
0.5652689356237453
0.5501114908780982
0.5258631436614071
0.6096215852541536
0.6194249157048991
0.5806875937922459
0.5572751870300469
0.513883622327391
0.524503777891612
0.5444473369536438
0.5274974954566936
0.5159411784065177
0.5294623809649993
0.7611926032476415
0.5227682783228716
0.5893320832119465
0.5910361814798141
0.6254673351180771
0.6090148101456425
0.4777193459852375
0.5588271586521826
0.5959237145129839
0.5661970307639209
0.6079882801120248
0.5121533958147759
0.5152511441017396
0.7248497600056755
0.5838741383714665
1.0497865086520237
0.5738665507502536
0.38053189113242386
0.5950417050748629
0.6963128207073438
0.6492396795138563
0.5738015352209469
0.5371653076295909
0.5237729992678819
0.5875551575431632
0.674528322691146
0.6438376155265172
0.6028459283241488
0.5563656843175994
0.47652264713655645
0.5066683022571591
0.5569398660833224
0.6682349580720416
0.5103911992954437
0.6074515322080783
0.6106846448564418
0.49304041840287016
0.6017649912772692
0.4841152011259725
0.47280296574593966
0.5870100860910897
0.6056255351092295
0.587576390252846
0.5561463659602888
0.45399320570049334
0.62247122112706
0.5981591573893186
0.5313496568082714
0.6045283719084755
0.5495074303742592
0.39921726204924446
0.5932115101572745
0.6450843089162744
0.5242418432674131
0.5680431355580717
0.4443780752641759
0.5799444890406547
0.6677414207904221
0.6323254049966438
0.6072512855317067
0.589225265762185
0.573078367917243
0.5475832863208898
0.42827580258999043
0.574946964119646
0.6823460135724031
0.6609907637705262
0.4829378906777509
0.5415669965307045
0.5252930686584902
0.5812670461270097
0.7166116885315271
0.4770332261117922
0.5151291296436731
0.41034182665513924
0.5806428346731584
0.7244119614393578
0.6739228862004036
0.6676432963437862
0.4742179787353648
0.5506345799913241
0.56531697683835
0.576573934169038
0.4405610069845294
0.5446037664444571
0.5419658246303757
0.5650571413431353
0.5496470675169415
0.7220247898115992
0.4966580579203314
0.5063549485422585
0.499054746964191
0.5613667119397365
0.5771178592475746
0.5742351602990504
0.46214318237803137
0.48578650843511056
0.6009135830570683
0.5015215131829681
0.5518147955694771
0.5731135008675003
0.5775078019709333
0.505380140907344
0.5056136583569988
0.5995547016299879
0.5168983069407064
0.4947816557121504
0.4896255792028844
0.5617395964546614
0.6695492590520623
0.4481269525949408
0.5888750889357945
0.6269532130714177
0.6198333984882746
0.6842342279112077
0.5405818254708555
0.5929061249536791
0.5188942892195048
0.6987320943507511
0.5491469031583877
0.47702541953335165
0.5146847827423611
0.523535439025189
0.415380621813323
0.544382140193391
0.6103569303985233
0.5414443864348633
0.5211896074016183
0.5146923073392432
0.5495709859480343
0.5481273492045998
0.5824844609391395
0.5786561507806269
0.5660490209425767
0.6806477063275181
0.45192751968478523
0.527833874576447
0.5491057391934624
0.459486500691712
0.5296832241726724
0.5898161207677615
0.5490187040924152
0.5313220440175471
0.5546104592344206
0.7566333708047845
0.48499691932170125
0.5039584445212671
0.48846996081649013
0.5926108586759362
0.5238784541681967
0.5271933612955167
0.6748093078932255
0.5184686285659598
0.5402071211067675
0.5250891253858483
0.4844878469626314
0.6978931842631095
0.5382748597953597
0.5382998160825796
0.640154988542734
0.6614870555847515
0.5267740074214383
0.5235250455466005
0.5640116516728838
0.5755369993620838
0.6203998647718928
0.5097093381820882
0.535014978659138
0.6209791939518163
0.6521152480053922
0.509531996941758
0.5376820922051402
0.5139339924020568
0.4694218962763423
0.5857775266281908
0.5428316932531905
0.5514451712092022
0.5591310952460897
0.5717968191140115
0.7097097218278601
0.5539526838026811
0.7504666869721546
0.6665093181316766
0.8169120029755793
0.518542656788825
0.4909587310755462
0.6089666911770134
0.7703582785271059
0.5495827604708906
0.551079710313893
0.5022612994306399
0.5770154780988526
0.5486295406873894
0.5383903749831195
0.5554119123667233
0.5707817713648201
0.5239745542064768
0.7109806652910784
0.6960977893029989
0.7047548157812008
0.5655737188035884
0.6046069915747319
0.5945100815286174
0.7450784231854103
0.5070380405707681
0.5525769444109722
0.44817677355201563
0.5306707832229193
0.6030325019941677
0.5388095334085455
0.5250765356844082
0.5051569625064383
0.5671232002232884
0.5691113271432128
0.656507388284393
0.5474029824450208
0.5153348896084298
0.4680500783752893
0.545217419577034
0.6651589027942707
0.587399476314267
0.5430883298874503
0.5413387050982605
0.5619060794725974
0.6139095699570909
0.6180009125508106
0.5047222904942761
0.7799687307956668
0.5860156970064647
0.6209999529882109
0.5549638574997291
0.5420379478347054
0.43968942707181713
0.5982948521705921
0.5158685005154712
0.5436298146042018
0.5520175831012295
0.6403824950448213
0.6500662161185324
0.5158296260658506
0.5183884607129623
0.5302537371848867
0.632731923403258
0.5000539999062319
0.533933584300826
0.529150743528762
0.6040375636238087
0.5314268635706335
0.5660190642176419
0.5361272516353185
0.46198139520350584
0.6076863726158712
0.6332171971324692
0.5226477922888836
0.5883828711716034
0.6518095868658963
0.5829025905612725
0.7261646980437643
0.5255787565279119
0.5548160849243885
0.5439965984274784
0.5091406821016329
0.5586876551057424
0.5061912423664223
0.5590488384321601
0.6622445092899925
0.6256051813932442
0.5735184072538343
0.5480262381810554
0.6274526483985314
0.7990086034251547
0.5230973518374713
0.5505336227191078
0.6018899762451131
0.6104082272640352
0.5630291796590109
0.6311795402156027
0.6152379668579901
0.576431596052003
0.6024288346817998
0.48908296714259886
0.5843157075040436
0.5319080681463151
0.6646690882097053
0.602978477199917
0.622218867970259
0.5578932710606284
0.5097911746312569
0.5241509384203766
0.611507825163743
0.7180846215533034
0.5635301228795435
0.635655758277232
0.5661253434284863
0.47900213602794933
0.5648674483580371
0.8805196861899377
0.44069310660936845
0.522989580756326
0.519723344654991
0.5445095697983632
0.591889275951167
0.5391433924624683
0.6492139189585546
0.48316093272277455
0.5677875833945987
0.687687405707888
0.5710726762476211
0.5530397784768568
0.5963337250417211
0.5896381687122303
0.7291690530680641
0.5121743648033749
0.9507969871691131
0.5624323278466895
0.5260069752191335
0.4955224549500181
0.6435892085915632
0.4974940140466833
0.6309977795099196
0.573714909524658
0.4703712765902509
0.5709657670234267
0.5971200695454002
0.5916397033954303
0.5635773410378884
0.5906616820094327
0.6020597327147502
0.47477950544628106
0.5921252063399065
0.519205934047894
0.49897398299646284
0.5701007211428437
0.6995258825917842
0.5089524932447008
0.6649539523511607
0.5444407376880328
0.5691216168600043
0.7424859568625409
0.5413410946207673
0.5880814812291434
0.5383303878839272
0.4880731786765857
0.4721900919288394
0.583971509564682
0.5331669125619406
0.6422024033986118
0.6795067838106985
0.5410112807238315
0.38095446794571636
0.552128530380985
0.471360150757556
0.4086738649602226
0.6690315287928349
0.6187235527124303
0.5363942296099565
0.46896427841294597
0.5371399649028659
0.5371201261859351
0.47723401783302655
0.6222808312650685
0.4886033243587932
0.6155754885009825
0.502646543173607
0.6011638809473203
0.5215134942762317
0.49488357918504666
0.6231306969235078
0.5335061636107109
0.4606857101831848
0.4651961251833528
0.7197830476095451
0.41714864284795006
0.5974517159057593
0.5982420425477564
0.4742226269036985
0.5436376405436634
0.5487480415576483
0.6271143831789542
0.5670542291323792
0.4346347079459323
0.616405772247896
0.5484857945493776
0.6276133488017549
0.5456308523733637
0.5148931774395037
0.6988362288512617
0.5497531416533087
0.6090984444363176
0.570327587051765
0.6862772317409853
0.42945740724976283
0.4547613244112374
0.47723839043567423
0.5062589768360009
0.5058709926858456
0.5728005809208216
0.475193300586458
0.5825252891466682
0.5607292950098421
0.6544369906353618
0.4371364807737367
0.6548937143753628
0.5525050198385343
0.4991761700087874
0.5037665412234786
0.5298754630998023
0.5069299629571209
0.5586181976241064
0.6646239444060356
0.5703270035087662
0.7257831264105234
0.673159919823893
0.5612371309960106
0.6120975100794243
0.5038668393626994
0.4926707979327198
0.5458596109969099
0.6244781585657472
0.5608359334346878
0.6231344341820475
0.44221068997219687
0.7432188280326668
0.5245980257605637
0.5648171081812619
0.5233491411717811
0.5839086096385763
0.5442304801458497
0.5305781988876804
0.5839226522638757
0.5900288269969963
0.43518365207542586
0.6507657950233341
0.6657621956213883
0.7153642089697536
0.5616916587215114
0.9239940553371322
0.5033430716651071
0.471656721510835
0.575729952112217
0.512026151105417
0.5443137673344381
0.5584077217329105
0.6487838742005774
0.5572175774402484
0.6103753939556482
0.5279299687513174
0.5834668863478046
0.4963681180759638
0.5193396174682218
0.7035291838950126
0.5295046981910916
0.6172459149813974
0.6786282364530277
0.5715795288776505
0.49773266836283736
0.4849247259869636
0.5925629074362673
0.5356915380627101
0.52200096767745
0.5587799060710855
0.5547358760247016
0.5130441416925686
0.6068175814953238
0.5118845209842428
0.5947408117563757
0.6594612602282739
0.7461720485539274
0.6478271837732754
0.6705208667576769
0.43972393084134453
0.6423562084745262
0.6741356319212255
0.5343940509599533
0.4854541929714469
0.8315689298504283
0.445358777718448
0.6587244296961969
1.0364047980199487
0.6627017258331307
0.750344281169275
0.4757278460778059
0.48937204235784393
0.5992854711936706
0.679124070846846
0.6358207284371944
0.6025107574857566
0.52375212953078
0.5837246078113701
0.5216305282861153
0.9694155720858689
0.5000819121771715
0.49392638206668277
0.5726964505358046
0.54679361935171
0.5092046692870642
0.576346835367102
0.51737343822276
0.5311023387266671
1.0581544984682163
0.6081551977737217
0.4967535634776264
0.5556967476555492
0.5301899854408513
0.5866566040042523
0.5801987377061736
0.6089334150810791
0.6600751811755432
0.730078863743918
0.5798201953002263
0.5351775424232083
0.4716431889283566
0.623397797968438
0.7496802409968301
0.4956409369212432
0.6402313971732446
0.47324751239987123
0.6114172313385493
0.5527372564500058
0.5489529303392772
0.6121332899852703
0.6199968480336718
0.6338784414018721
0.6124667785086942
0.8353169408982203
0.5782223913767865
0.5475354084473432
0.5132649627950524
0.5459846978061352
0.4745112717735665
0.6516216230432476
0.6194974478329743
0.5776586537266283
0.6823520334631233
0.6758934984378493
0.5371447814138599
0.6492469400664947
0.7348953260565434
0.5013206925578041
0.5812634146443957
0.5665496437572501
0.6581524330954819
0.6551066810514853
0.6420966240805648
0.6412383601714512
0.5728142668769981
0.7959060109584603
0.6488328296659169
0.6879160938588847
0.5029728014228211
0.8144402547400366
0.5314236971348794
0.6410515867518085
0.5866601798271784
0.5712665836196834
0.8892837384914819
0.7009617724014081
0.6352568173971078
0.5308069826211158
0.6465725123263696
0.6202875586844352
0.5111895568693557
0.5247055177067592
0.5558032698262606
0.6752904958486253
0.6397457226272534
0.7025289712466469
0.5958714943368455
0.5765203469981041
0.4935872269342896
0.4848148527026774
0.6360139860262227
0.5709969695172429
0.4687706580102992
0.5386434606200508
1.233300640153334
0.5488772331258115
0.5979193224882279
0.6711586111405138
0.5587512335966369
0.5008204285637204
0.6358617416126773
0.8837061473369693
0.5539661496100836
0.6524558395382442
0.4979759395146152
0.5097716554682842
0.6179327560500292
0.4942993319616905
0.5357925617715029
0.5490059740048348
0.5009030405412046
0.5795406133995649
0.5558244960478942
3.04666293170276
0.8617142235398203
0.6111380929307985
0.6168103117818553
0.5421990751847947
0.5374872675039588
0.6150172964952516
0.48816044525459007
0.6795550574650852
0.6429107070102389
0.5581464224009585
0.7315095531234683
0.6328930832767742
0.6245136950664782
0.7414943195519494
0.7808451123436514
0.5905751105059567
0.5309136219919055
0.581196987809966
0.610723227530543
0.5851900910741156
0.5561531364997174
0.6722764548067856
0.5207076878853804
0.5709628462663566
0.5275953885382503
0.5372574897197019
0.5909075525554225
0.5805228821154996
0.6882824882660522
0.5308905285326445
0.6408876795003274
0.5501372972635624
0.5436448497619771
0.5875577034151456
0.51025392340499
0.5578020412193575
0.6069968916341117
0.4771158217354164
0.563857500111963
0.5435532849268608
0.5845869705056066
0.6949290750594775
0.5922601779396299
0.523872936078799
0.5253330656054502
0.512889418841924
0.5290724586930002
0.5689421181072867
0.7735815760905072
0.5158326800565921
0.6006066467258934
0.571474316860484
0.553358776841233
0.6612790288963399
0.6488319643998046
0.5308855072377145
0.568649856807112
0.691209574488628
0.4896411595893451
0.7017719459598746
0.7060528324750601
0.5323789751624254
0.6187031938923485
0.8561930223042625
0.5345233494342583
0.5462467311331743
0.6465754887397138
0.6846459480004516
0.5765219386809278
0.5969265563583621
0.6889120103828421
0.45876397493233184
0.5776736003295282
0.5141171240105772
0.7876598509209003
0.5496174129138569
0.5395113784566062
0.6826968824736016
0.40491939934263615
0.6372415786756265
0.5215174966111927
0.5389689465616402
0.590219086010725
0.509338862304802
0.5802410328698466
0.5361470469199892
0.7403954104962511
0.5159248862036938
0.6082231665713281
0.6713398249282879
0.7815050492177663
0.4722290637815294
0.5845380691514545
0.548156204247287
0.7647410107406428
0.7248857204746312
0.5250637671004529
0.7284932283295128
0.6401809777005762
0.6110611903998756
0.6230206122163563
0.583560274399927
0.7101230512313979
0.5658606703480573
0.6947136119732499
0.50824012086958
0.552129334364936
0.6980959273481113
0.6395285435045889
0.7910547415703445
0.6146039144696939
0.5368194983335847
0.5935594254530587
0.5428498573751459
0.6328912325962437
0.5843050011112371
0.5401315590821154
0.6157582843803202
0.6425356987812522
0.7718311740541519
0.5697970181553498
0.5421439167185952
0.5820841550393647
0.8220492942699287
0.5313095531303019
0.7072313777797353
0.6421608623537861
0.643422242625609
0.5876348491168908
0.6086525742098694
0.535887517427455
0.4834417832811856
0.605125671549808
0.597656738440227
0.5687800479794374
0.6104164590769905
0.5375071355399785
0.7476953149616301
0.6260108059739823
0.5392393131624896
0.6556212305837048
0.7629842960713507
0.579033678164674
0.5062166041686088
0.6537363172735322
0.5823432065226555
0.6006120980725494
0.6093202220949925
0.7881579310697833
0.5985429054510888
0.7852313655607712
0.7097580407651621
0.5509110876088068
0.5449603246894612
0.5820455094373407
0.7271916044676098
0.6602781772265134
0.6261542162218873
0.5792605664064129
0.6469727504938463
0.7308591773309115
0.5466464309397198
0.5869793416571347
0.5090500523176489
0.6740245273973945
0.6154293051330432
0.6592809392089845
0.5028860073316199
0.45479752868824985
0.5131813727233696
0.49892879109748056
0.5775297352445632
0.5140300885523269
0.6325020486687469
0.6748121969367274
0.7174006569503861
0.6966501468184403
0.505109909811898
0.6212787198426862
0.6472714727174067
0.623379885775072
0.6598125889711216
0.6128436128461581
0.6662287991069588
0.5672821996983619
0.5835434315870496
0.6597333418461239
0.5931970831680827
0.5320143708841587
0.6196323492151803
0.6441285015048521
0.527974890818293
0.47694377694334583
0.6267482517995532
0.5329182506994852
0.6782030726365448
0.6369907836613832
0.42508399258887464
0.5284513236299179
0.6302698817572513
0.5623785522343552
0.4878601322251348
0.5973251113197698
0.6764528839735711
0.5670947049791863
0.585316078212668
0.6745900489906643
0.5347107597140714
0.5667655457252229
0.4578054143987906
0.5586146362110637
0.5396486328582307
0.4937705540255284
0.544468864812638
0.4820923659096701
0.6696009122907336
0.7072586405347185
0.4770933218276565
0.4228020418038259
0.51572643710537
0.6705867549191643
0.4997255844248725
0.5500845190006008
0.6040839812411561
0.5415357638287661
0.5292542768877444
0.7084525312078065
0.5304277208193566
0.5535456104234618
0.6442486486707427
0.5093168081535674
0.7363729976065636
0.8006782855527553
0.5714881577247424
0.6219883814389963
0.5876291071184128
0.4346625313143406
0.5473125774363752
0.4884176795428404
0.6676300036866932
0.7359989852907945
0.5589080248334587
0.636748576063384
0.5081745745250429
0.4828179858089397
0.5881628019982119
0.5732699400311344
0.6149826159767993
0.4599348764310837
0.7817104040308043
0.5502390830505874
0.5499125102393061
0.7250579848403932
0.8516852519011845
0.5178034987068211
0.6895897305625228
0.518750206903225
0.5361029252830622
0.5740759003768424
0.5484531789062452
0.4973256065129955
0.5427112351279597
0.5688044717475325
0.5496394733484005
0.5559649700997286
0.5208583478543849
0.6031153074170184
0.5109255133707181
0.6929251162382682
0.6938999884216354
0.6454112434958867
0.5164771299272107
0.47285409240349247
0.528969855879068
0.5610427143854654
0.6002508790673723
0.6157760544335038
0.507498954783491
0.5246661283588026
0.4922656918272004
0.4755118859477416
0.5693354104351712
0.5979145535365549
0.6453085267058306
0.5663362972400963
0.7980084874154499
0.6016703227352427
0.6555786343462785
0.7033994543787342
0.4655327909804637
0.5520958220973635
0.5398235122845951
0.5061407283743838
0.623654936455427
0.5940807295746129
0.5383531957460841
1.267170814534615
0.8098577658533284
0.7533520139526528
0.5253488084643423
0.5352772572885708
0.5380511796246631
0.55229618602711
0.5920039819980625
0.5208691807031398
0.44823730006676205
0.5756759930232972
0.5764377475987158
0.5986824268771573
0.6746020811164475
0.6194336501729831
0.5154409242958838
0.5449398808005249
0.6193068841612422
0.6270072765898004
0.582120191333641
0.5432265047939403
0.6757070415784937
0.583850964833445
0.5164143092852492
0.5105796270551682
0.4926164959988444
0.5477399403292305
0.5609563352023876
0.4513553053509181
0.6045112915979598
0.6113340667600701
0.5476534467663348
0.6377752624161434
0.5473379269940648
0.6537951480156691
0.5184773111867671
0.5065093311322975
0.5338283050937211
0.5688205229399406
0.5898844514331102
0.5763727908186197
0.5781133666160446
0.4153642419801365
0.4925525414291326
0.5254447850761965
0.643135432883355
0.5601110383426433
0.43634390727973965
0.5983465446452526
0.6245722393314774
0.5657134469448187
0.5443885046039625
0.6557861686016825
0.60452994544146
0.47801746463047984
0.672855865265523
0.5622189915146019
0.5128881906857674
0.47801350009525045
0.528529711204618
0.7031855287261365
0.5592959380590796
0.5871621488302905
0.5885686592638496
0.6142109533611648
0.4648997131783908
0.6270131616290519
0.4098118292049577
0.5843438592742798
0.6189695419113398
0.5858188907921438
0.7448917658549776
0.6212395157437108
0.5756863097168907
0.40326627068503285
0.5343743240253229
0.6755674875323318
0.6215861990333693
0.4858633522506093
0.5672343330809126
0.5831100924150203
0.6370326870938707
0.517374660592019
0.6650275907658462
0.5484005320138549
0.7273024963266927
0.46769355761335724
0.4896006073100717
0.5558546445267214
0.6733839106162542
0.5455561691676463
0.6230549946171956
0.615797884434799
0.5633603120399204
0.45581713531839024
0.5213487371435424
0.5990861598792852
0.5476260837778171
0.5483022213046238
0.599981449988109
0.45161589314920764
0.5412850712250394
0.6276017449710498
0.7187371099257532
0.5042046303072679
0.5374163181728691
0.5115218400407587
0.6622001261014743
0.5834186739230325
1.4131902736654487
0.6131748243270091
0.5259821456812351
0.5061950209538141
0.47173078449011063
0.6280777684229352
0.6302045010929866
0.5733649902292849
0.5784908217491342
0.5402498481228836
0.6617200726259261
0.5864009027223455
0.5018722046544982
0.5119168967355648
0.5650031440162852
0.5963564850390374
0.5342377354424227
0.5251967360425546
0.37751424156614005
0.5447915787358373
0.5825604435278151
0.5385766142409191
0.5811374985811583
0.4517614729427281
0.575496421883867
0.5643545550295755
0.7190118147135786
0.5667710584908702
0.6288785423192912
0.5479852539921505
0.5090145512891953
0.5099344955119962
0.486494973809725
0.48653320438905107
0.524116377972538
0.49754084334771104
0.5222017858543144
0.41403449772042056
0.5510743367609777
0.6904411107300487
0.5374631651212431
0.7221743299128172
0.5320925918978155
0.46351799322011783
0.6172390565104172
0.45693285385555926
1.0412428439156791
0.5697374126109929
0.6757996605045495
0.5115319072045615
0.5500980811450832
0.5967851384176781
0.5255774333473237
0.5681756202337527
0.4956221557838694
0.7457833707592647
0.6457538190254456
0.5208834363009732
0.4229423168411254
0.477738523960537
0.6378211099851036
0.4398316324776482
0.6680013999636174
0.6172356534439097
0.42205682015755225
0.4747268066166472
0.5540577606981619
0.5496412863844646
0.5289350031949539
0.5232786069935682
0.414757409970881
0.5279296154771862
0.7536719692434555
0.5465849678860972
0.5091010681253598
0.4966946287355852
0.4909443668190917
0.5320298102984495
0.6101806781314516
0.6822586375149206
0.5268385731036108
0.4579637129387955
0.7398160529132095
0.5610242620490113
0.5302102158399005
0.5706316303345906
0.5250050305924857
0.4546881232499707
0.6315164915109179
0.5623445733473175
0.6072821847782215
0.5540096079539718
0.49488277431214656
0.7274438853688752
0.5349267790487856
0.4945877216953115
0.48493860407111494
0.6879075933567229
0.38004536737488004
0.5292172441360491
0.602026186335439
0.3941393626377648
0.5841193442421723
0.5852480127277868
0.5141079911209429
0.6033272506201748
0.5106310960344672
0.605635375365499
0.4259815382461362
0.6971083745635462
0.5527456305807869
0.5345799423729278
0.5274220007652868
0.5514386767303124
0.3912544953589503
0.5287812836237182
0.8693794817027745
0.804848170221144
0.5229880025898717
0.6936683409982973
0.6615753666264079
0.49802897613749597
0.6245349332598148
0.5381854694946817
0.5825676544307762
0.5964365721793948
0.5039501430078427
0.758236092082597
0.42740390947228885
0.5112835587255222
0.5380388860418611
0.4868013294530562
0.5149398854840815
0.6233653857933714
0.5959042178455968
0.525928789432779
0.539119609180049
0.5389563837872329
0.5558117226209435
0.6020398471053168
0.5535010598193439
0.7366134328044323
0.45400838738235666
0.49427789493945534
0.7503416082567314
0.6345637089632148
0.5932579336912045
0.5748560003546058
0.5539453901660482
0.5841600215968353
0.5764017108610604
0.5335847369479528
0.6577181218834627
0.5240899427712595
0.48803285983406763
0.4910886498958187
0.6205524508027149
0.5367636375291241
0.680777060836343
0.6081513202594991
0.41287361430516084
0.5485609750893538
0.4770860459833659
0.5034549260787797
0.6779678789962791
0.3823134619718369
0.535356976288745
0.6526117166986826
0.5666047549615945
0.6080209225954153
0.4908296989217751
0.4603544770448025
0.6944786125160695
0.605132231700697
0.5570874911044934
0.5264735036187608
0.4686667366908434
0.4866937781988989
0.5432135490018623
0.6284062432287174
0.5135762914078921
0.46605436764666597
0.6946171948184839
0.5909837552881961
0.5154133236280963
0.4072732633687559
0.5559780537562934
0.6030774650345753
0.47366667375560434
0.6819548388777135
0.5275331279017812
0.5030537412628133
0.5535001194938027
0.5212543183110266
0.6832843608194135
0.5815791407010105
0.4977616639991694
0.5835765685592437
0.5141333656454352
0.6426987984341127
0.5578803074764397
0.46352196888352576
0.5166186511113776
0.5394960002722614
0.5918995380004092
0.5557912895083598
0.5854500930155627
0.5442967731772009
0.7882505498494424
0.5174037082472884
0.6501785276185609
0.5907923779646399
0.5695605066950843
0.5314969995908698
0.6636904667607121
0.5943201819146942
0.6423821346489511
0.43728628546011794
0.5822194356638983
0.5708835409760064
0.49926345369817965
0.544182952404799
0.6092870283262637
0.753226226180782
0.5774624118066501
0.41839469506221605
0.6214153697924608
0.5376109958307238
0.5277055005009291
0.5424691526959953
0.7586618856395585
0.5162016514011976
0.6295295312790858
0.6477539403229453
0.5678321552794506
0.8655254178973792
0.6329461310840029
0.5673830250137655
0.750922115734597
0.502449872319055
0.6710854495883709
0.574978012868495
0.5132401319637913
0.5469727633872683
0.9334383759027921
0.5574044537700761
0.506870689487964
0.42879038639221867
0.5268594858836254
0.5290059390764654
0.47873458985599265
0.6263916133210127
0.600180395572991
0.48863461569128136
0.5324093598125101
0.6042123774154532
0.5692153630073598
0.6886662954606027
0.6823086651529565
0.6319845273659944
0.4875327993069901
0.46890213579554335
0.5235091031585699
0.6805225239248066
0.5362246769418533
0.5439331017325115
0.7021903574330455
0.6954515966891156
0.6250395514224671
0.495743859977949
0.7513986730939354
0.5167666214882994
0.5057156170080636
0.5443523861015067
0.47174721442519923
0.6771865417261593
0.5002168386884881
0.5136008178836192
0.6396854239474565
0.7065943476570551
0.5335529095136248
0.5247881204845243
0.45520577944431473
0.5148907861057849
0.49384659865579056
0.5071393492578455
0.5436589157423257
0.5954117232701237
0.5205802611740097
0.595363606144602
0.45844054527814565
0.5437673688788898
0.5177233297188132
0.6214585233395499
0.6910042815721565
0.8003245500030823
0.5214117881970372
0.48955246944058045
0.6731015348835819
0.5342349824000828
0.4548763036314442
0.6121228575712123
0.5696600512932288
0.5819692576876917
0.5454433670645112
0.6213112889093616
0.539441109112174
0.4998891312110433
0.5361684978867055
0.5553519854755754
0.544526640825254
0.4753383218281271
0.5385657888234301
0.5247252989429323
0.5165196090113768
0.6357580310236337
0.5785968846071599
0.6887080239757726
0.5453437484863092
0.5352324087041468
0.5941232499358503
0.567158810626178
0.4647037453930967
0.5593478846939225
0.49913825395239214
0.5425896815437259
0.6604851503293064
0.4982039942253835
0.5277035769976599
0.5347579558876163
0.5592144735803211
0.5942702368088992
0.5125957005368998
0.6419013401986529
0.6188965369361277
0.4666691484221642
0.7020096952709348
0.5324546088374564
0.6535285542816732
0.46565338511967796
0.5703792809368217
0.5304879559223841
0.6457544867779846
0.6567042645192449
0.611183671395029
0.48284418303674065
0.5342565169125338
0.5797174464883308
0.5931591638472467
0.6022206653450282
0.5224775964531632
0.59886675358345
0.5775678131181184
0.6805953454579006
0.6651491546406771
0.9233039905770426
0.6155709782439235
0.5259853018577869
0.6126155554065612
0.5696851428539269
0.590132190125736
0.5276768707089752
0.5376825489564624
1.755476708076956
0.6553058199525511
0.6296710782738932
0.8380712798512308
0.6297636697781165
0.5700615468601166
0.5850006779042933
0.6193750394062599
0.5800276927295713
0.6356257934809301
0.459971246717337
0.6503585834052226
0.665299087922765
0.5263985138971388
0.5335416037829246
0.5890815370257452
0.5122909072565128
0.7295790056891621
0.5620904588122742
0.39386808247069
0.5842363722576199
0.6122027060425
0.7349111257629184
0.53789765546742
0.5321924407516238
0.6079957662689405
0.5888063316480264
0.5089212653286386
0.5519208704206805
0.6565525069786846
0.5750729764204148
0.5205670089138388
0.5922265800454052
0.657817123330571
0.5072204984729035
0.5525900268221214
0.6044300609005042
0.6776569091839273
0.5936634797488981
0.7066466314408444
0.6921310634853387
0.515367027248368
0.6883284137966699
0.606598161439468
0.4587529197697001
0.48473085646440334
0.5294052900310213
0.6352291324543761
0.696436514123825
0.631673434409211
0.5442687133639698
0.5623595242548534
0.6463469449329187
0.5745731546436015
0.5729523158590314
0.5519519843609316
0.5963146101216108
0.6244568425338842
0.38570893620866437
0.49503481147815037
0.6022078434074242
0.5467350731633535
0.5797766357462129
0.5759842565807428
0.4492902249071029
0.5058452336760766
0.6122863810335748
0.5798417835764996
0.7098024018305276
0.5925001744235922
0.6441984190103734
0.8027318486696917
0.5694114211284175
0.42984044969402624
0.5621236121422577
0.6204118725763877
0.7057212697468144
0.7777244048259926
0.6514017526734753
0.594523365366712
0.5253191212841284
0.44177183006265386
0.6502417906629346
0.7169214392758916
0.7773664200667264
0.7152709920042446
0.8499284748262694
0.6538170488640317
0.49037675930714975
0.5190843040179599
0.605669772939423
0.6781588729680272
0.5689584295279406
0.5810717928486594
0.5652429558910863
0.6472727714275223
0.5643393030953682
0.7346235054938205
0.6089554803470578
0.46596352528921847
0.876516858119078
0.48697039632881745
0.5383740087912268
0.5814083872614476
0.4405561577966301
0.5665377501457046
0.5238777222204496
0.6133690248868181
0.6080678210355754
0.5261457115250835
0.6642372529942391
0.6307849449875715
0.4372054593734811
0.6452610355228287
0.7378345243131896
0.5550384857697656
0.7516756105149336
0.49478159445647496
0.7405620144851459
0.7207788782424828
0.45394636867748717
0.4748183417228114
0.6084895708213591
0.5912053413633488
0.464451188827057
0.6023663255310928
0.655681027919305
0.7284901621985402
0.592901375207118
0.5348301673927762
0.5524005253159694
0.5536708563018481
0.6177250108578428
0.5323848679119912
0.6897735261772712
0.5460286001148424
0.44929856909324256
0.6659177665885317
0.5638924480762303
0.5848541284857487
0.7207139917184023
0.73290511352671
0.7079293669520065
