0.09398768030058845
0.09772985387218414
0.09285808226215075
0.1129393720486278
0.08921844877392181
0.0980547874895476
0.09711275489227156
0.1192463729142681
0.09642387848226117
0.0928141604443324
0.09785851382702102
0.19300744008178844
0.10475394503735998
0.08690716249690636
0.10255469882168938
0.1081236203755783
0.09745997346063591
0.09342433509980204
0.11106219669148575
0.10019978179897801
0.08966171377002927
0.09755452048092106
0.09047100864997348
0.08901664157911413
0.09745902177724251
0.09097623929068861
0.09102545957526736
0.09981923707783207
0.0934228459856816
0.09232934997393848
0.0872961474786203
0.09118861266717906
0.09193502909694276
0.1093053822486456
0.08849846295396777
0.096350231601447
0.09758628213892158
0.09268530121640674
0.08675250366215415
0.09074383835384746
0.07049655123602254
0.09359733703032448
0.09417052138887186
0.08577002663811241
0.09122905854376175
0.09391475854231109
0.09262439620199821
0.09178866247023855
0.08835733766167175
0.08934894636633108
0.08748280976819411
0.08946200273931333
0.08021032925110516
0.0867039093368442
0.08895276969521064
0.08864410684018681
0.09947719359027858
0.08656557016109899
0.0914448153665032
0.09653777128789147
0.09892843242654506
0.08986450060005666
0.09302286598354126
0.0874355837488551
0.08741619758848629
0.09375634826153378
0.08624017640774577
0.10492893247491428
0.09103615227500875
0.09119944959822086
0.09702549481726423
0.10390022316690325
0.08647780023042775
0.08692478719985582
0.090569743913327
0.08627819664262748
0.1879702697830981
0.09215390819916998
0.09826153902701727
0.08667981494107223
0.09374309010283854
0.08804484714048544
0.08768044835976807
0.0865081709605144
0.08941896267002725
0.08826651074965892
0.07541017063863512
0.08551475261283768
0.08574879957488156
0.09160104383210187
0.09333583925228153
0.08845566496921932
0.08946420879764826
0.0925334468905787
0.09305640704882115
0.08658755966285626
0.09240994671891604
0.08808680919080389
0.08887418888408348
0.09032768081046348
0.08788049476356143
0.08908571424378162
0.0884822515836012
0.0925802159422754
0.09087640417411158
0.08745163003724371
0.08882159185952954
0.08875829634741765
0.09456435815392132
0.08906703158100025
0.09211831273442368
0.08854459904985083
0.0882423186753153
0.09128598464781301
0.09167755379683527
0.09138605318174897
0.08726511167089376
0.08883534090694127
0.0860705778003592
0.08873331452995196
0.08974160722056196
0.08814458492538789
0.0913757295699252
0.08610100745518627
0.08704457969744987
0.09050120290665899
0.08613651195787436
0.08657977825432497
0.087449258091429
0.08954045522647201
0.08615706170040782
0.08761049583355289
0.08990717176994549
0.0888999812475372
0.08530238155787226
0.09026750840308875
0.08934475411486509
0.08958451539216894
0.09063177111503791
0.08870429019167728
0.09427155128092783
0.08906190677405822
0.08563487178362524
0.08628237776094698
0.10283245892523409
0.08881872923969011
0.08691685390132163
0.08682619269883185
0.08878307506692434
0.08834269964677913
0.08569251100530806
0.08888996641016432
0.08960820684980797
0.08926846485028382
0.08699087295980418
0.0907903177329739
0.08727210435248313
0.08900130059761663
0.08874413583094352
0.08706056279076953
0.08949997615116613
0.08781645102508541
0.08872382107132265
0.09131126371432331
0.09067540648955721
0.09960889595720607
0.08957227626568297
0.08329436552413688
0.08988401437384543
0.08902695188050401
0.09419991492130836
0.08797306704135967
0.09187467804045711
0.08955469729250443
0.08643673314780115
0.09116026920807531
0.08671497568104873
0.08928644697586334
0.08964755822918477
0.08998802289044963
0.0876958963803999
0.09317436365389355
0.10388700160174105
0.08716137554955655
0.09060351982381472
0.0883610605744402
0.08734510596035545
0.08904982233291692
0.08875225320516042
0.08946565246297356
0.08879062185443047
0.08986609743556292
0.08985231196749108
0.08827760098466622
0.09623606697919851
0.09163807153381216
0.08672224504535431
0.08978872967893763
0.06373250383589169
0.0910040552205553
0.08770878395371441
0.08940516036548951
0.08773708854218068
0.09036097316384939
0.09187468312006335
0.08807599366941136
0.09126366488874423
0.08705370586148581
0.09141771276042066
0.08819299346513587
0.08919723218732577
0.0894676204466511
0.08653235197002138
0.08898126080359449
0.09279441809252825
0.08921922362990266
0.08900998963783856
0.08849811744457842
0.08815077736494883
0.09207983836187814
0.08813767532905335
0.0880941793517016
0.09053406779144757
0.0887929257008509
0.10025822739068563
0.08784512485119408
0.08749758201158156
0.08925955158841674
0.09213419282386887
0.09018550002792533
0.09432641253585491
0.08792419996131998
0.08824357724262184
0.09329278544516877
0.08877209355023145
0.08713352550776479
0.08656123893976574
0.09156190767462241
0.08970976877713759
0.09627940959429661
0.08964614641609205
0.10222195152397494
0.0877995538911489
0.09028983534439491
0.09197807793219775
0.08806121163905666
0.08745087544772713
0.09031578647476743
0.0866663763027799
0.08965333305378732
0.09101871119762388
0.08869858731954045
0.08866324411457109
0.08941720392013015
0.08801458724304374
0.09397154894756334
0.08935744762775073
0.0878528409016805
0.08775146058870167
0.09040141400046209
0.08776945147509717
0.09375450402704406
0.08680221160821097
0.09085785682826439
0.08861609057237921
0.08927069199753679
0.08916821510573535
0.09131007282509311
0.09471772967664133
0.09008537697417665
0.08944376892578172
0.08805547635317565
0.09145287671360523
0.08916058372578414
0.11559258206840992
0.0880288611207672
0.09017516652959301
0.0877951575098013
0.09100612084975118
0.09200749697266183
0.09662056455256224
0.09096395997097523
0.08901474995234789
0.08959635804695187
0.08893770907869714
0.08779669849670795
0.09089425018826415
0.09369083532927562
0.087707134239042
0.08888218300770204
0.0921724149045915
0.08676571144912636
0.08735812488357286
0.08655345518630367
0.08941641111834855
0.09226346773034327
0.08637929637748122
0.08906621263753287
0.0932897101936826
0.08699440196864952
0.08975796154372272
0.09235250628710666
0.08895821299581694
0.09111745638215729
0.09207116373287863
0.09228467382445268
0.08986760251005675
0.11974700839496613
0.09225286904066092
0.08949704861343315
0.08914299908491188
0.08606766118376004
0.09442018179195823
0.08923644517000302
0.08961727094197482
0.08891058037321242
0.09090218234939568
0.08650731968252269
0.08961775163279591
0.108700496242468
0.0879732867569401
0.08415113548021928
0.08966815377148307
0.09328865979416354
0.08798754261370804
0.09150570602053365
0.09090853488475704
0.0911600543242679
0.09357331401297495
0.09162748443190726
0.09090452377655836
0.08908099299680644
0.0916047975170218
0.09120887309612939
0.09119148208252231
0.08564231333990252
0.08956663697152661
0.08849888429531863
0.08705700296831094
0.0862609551320141
0.0878501062018404
0.10180719710798568
0.0903123347975472
0.08982221244919308
0.09346346312590455
0.0861829146031438
0.08468611329435113
0.11702133702243507
0.08609830099462071
0.09724069851568035
0.08842244369046358
0.09110371660099376
0.0897237509011059
0.08965678068325643
0.08935080617007062
0.08728760815825111
0.0896437948346022
0.09020120598224546
0.09205470363823495
0.08963906156651376
0.08838401383398153
0.08900176613391297
0.10709236003764287
0.08942729337965705
0.090541645279905
0.09403662814753949
0.08656637621081335
0.09029410435816312
0.09341473954546634
0.08975318970964448
0.08753197116571412
0.08608065948068992
0.08839490273047428
0.0864693455557725
0.09331886416852585
0.08982569565075808
0.08820332578138959
0.08854961536834757
0.09696197465357306
0.09778234342036896
0.09784920698974317
0.09400410714527205
0.09229156322273682
0.08978064639428114
0.08920689219681621
0.08886833549547878
0.08690176424726481
0.08590687815273906
0.09270463677660128
0.08821313311949448
0.08781900428132296
0.09383322907759321
0.08798926482027662
0.088481275665597
0.09042254800577035
0.09055521040961786
0.08979290212458729
0.13877359227056066
0.08910298545349413
0.09067102323457239
0.06901053814263738
0.0893520142407436
0.06268767175891582
0.10771815220516472
0.09268417453420519
0.08653434305655067
0.09050562140740874
0.09669890020893417
0.08432713864919547
0.09179713118345927
0.09608284936081705
0.08806899324549412
0.09092317993050582
0.08670861689335481
0.08703559689158526
0.08829941507426628
0.08977557190120562
0.08862482507709317
0.08503202348461204
0.0897887734457184
0.09072033226480235
0.09046946552610348
0.09220677685831322
0.0885120024067787
0.08837152937904887
0.08988841024921351
0.09037490856888042
0.09611912151227764
0.08730086831475929
0.08709932043357095
0.108726910793759
0.08657690627833309
0.09340417968522673
0.08876516144101193
0.08623371671605427
0.08428951853070245
0.0873247747419897
0.0903726007262981
0.09378620207352716
0.09086321685505815
0.0895848838901327
0.09269280617140346
0.08512604392053959
0.0885966939815288
0.09008387178993128
0.08746960828677186
0.08873471931011492
0.0868958714530239
0.08868864693638374
0.09300524078691715
0.08922710302919828
0.09181863092684099
0.09153062798229991
0.0918212225587878
0.08957876493171771
0.08945601643050534
0.11001550911930578
0.09131582550278877
0.08786390578878367
0.09076748996208744
0.08962624634886288
0.09345076396091971
0.0895814183899203
0.08712933838210048
0.09330950736535565
0.08876051052711946
0.09137317189976778
0.08851302706128719
0.08752461305658082
0.08894838117277942
0.08866024458412697
0.08766285307730459
0.08938740308330761
0.08912605832710685
0.09215368840830157
0.09253503352821536
0.08925200657570591
0.09083837073320958
0.08976725779290755
0.09171073622222488
0.08779390774417546
0.09159211703536767
0.08855080055803945
0.08705027528296591
0.08941672844487994
0.08573810292784434
0.08887193547003801
0.086424333368711
0.08694858930586423
0.09740369613020185
0.09455967603945999
0.08920780642317709
0.08906778863738178
0.09030286904020025
0.09723663324320649
0.08754832230464307
0.08757571509772238
0.08985115411342015
0.09056082391348658
0.07068711386365209
0.09403415857556373
0.09462559572724166
0.08663447753400173
0.0918620599859078
0.08711298387018153
0.0905007034462646
0.08867946384545373
0.09270999506275147
0.09089622741001673
0.09050702015314077
0.09284398086869453
0.08919257915604178
0.12593705123133495
0.08806613016460653
0.06727993209577109
0.08835772430498251
0.09012572917689013
0.1084461753057769
0.08778802265829341
0.08763489484548002
0.09221062561142289
0.08860090239294792
0.08725291564443548
0.08811747332238441
0.08846762183393964
0.08475554169633072
0.0887611788821645
0.08889541425500808
0.08723107909257072
0.08735074902424662
0.0882777666450887
0.06341116896827255
0.09033291181117897
0.0922006899625635
0.08758535785033267
0.09476830875196224
0.08843207414184467
0.09398613526029471
0.0887515272787465
0.08718370859529942
0.08900709417321631
0.08146825968397806
0.08559841404035469
0.090497388718356
0.08969813340259755
0.09138043366953919
0.0867708759755268
0.09397474448047766
0.08881015259761367
0.08743378536631508
0.08744963675238965
0.0885693034999272
0.08878467624172919
0.08959565712032766
0.08819350283028611
0.09191617072678945
0.08881677285264701
0.08999118159579404
0.08926476599395013
0.09295454707558917
0.08720237249315672
0.0892285041243285
0.08876837822295629
0.09003198907131085
0.0915436518173092
0.08678575666849182
0.08925397307928337
0.07537434908683331
0.08951044175743045
0.0870601715887071
0.09129067476566446
0.09715703150107773
0.09145339051232536
0.09181148651427413
0.0897767991556526
0.0831110519165824
0.09827450978666023
0.09312750046967717
0.08592660794734544
0.09769032787019205
0.08979719767472386
0.08558293336191374
0.09673950295914664
0.0914713360990249
0.09426855468683734
0.13010907286193427
0.09533239871921927
0.09289076766437204
0.08685272942642984
0.0914691510099998
0.08834378670560146
0.08923081588887574
0.08886003805826104
0.0887657662950513
0.08945709240740057
0.08827338513142198
0.08780700356081562
0.08665010375191408
0.08767482425108013
0.11165922014577988
0.08863503506573192
0.08829439537929949
0.08690619779958166
0.08709398684600307
0.1500004257036256
0.08732925254828698
0.08531493892408062
0.09067465723350328
0.10103818229961928
0.0883024764529545
0.08978384103131208
0.08834421489215506
0.09158954980543237
0.08821939632547408
0.0865064256883373
0.09058832050352848
0.12054491920256669
0.09046945243249528
0.09018905497467868
0.11464725904637074
0.0851705950017132
0.08617762166090548
0.09085275456804967
0.09219878259835507
0.09128338207822256
0.09908294588801053
0.08751008786701282
0.0881044306684402
0.09099743640823536
0.09113765039096958
0.08742656451481859
0.08729865555605504
0.08790571596397549
0.0948304169527022
0.09425974517588494
0.08792274373245205
0.09388616479060549
0.09158176371068631
0.0878638541431166
0.08903833653411244
0.09181510381794818
0.087717204954534
0.09572475476650678
0.08827330456072138
0.09204304854163547
0.10909954839743653
0.10459494476905157
0.08607144036395913
0.08903641645812382
0.0915840585819633
0.09279924372560777
0.08859292307162374
0.09486512951067422
0.08872487196848491
0.09435804073418776
0.08987044522167006
0.09292658824210007
0.0925760668491011
0.09522314053382971
0.09473665149548344
0.19057301455036244
0.09044959325140595
0.08911887843637122
0.08574863380117433
0.09084156034909438
0.0890464354145768
0.08833122518547078
0.11261955596529234
0.08697452741319676
0.09519729945666461
0.08929163968974317
0.09100950115026311
0.08985405313087584
0.08941773427507883
0.08750353010197537
0.08598467519191277
0.09544631485306115
0.09678094490991895
0.0867938719228994
0.09278643768599822
0.0894042199309309
0.07929518520114762
0.08850844597149357
0.08828973095667787
0.08779168810330149
0.08839977290781428
0.08866946234251348
0.09245750211282834
0.08692578061391842
0.09766933019812579
0.09508851953820648
0.09101775085704579
0.08979627382921705
0.0875766374907563
0.09262823025581773
0.09908434813831318
0.09229687151680863
0.09917896553580464
0.10053675631861306
0.06877520222789642
0.09181188285565899
0.09262828869819185
0.09117497359037728
0.09381395689321194
0.10474512908909363
0.09267833873601641
0.13434444009656593
0.08786266533854845
0.10409802895981526
0.08993680131777589
0.08732432177085722
0.08895111587435281
0.10161077000151196
0.09284814854870203
0.14223767758836514
0.09223216328855978
0.08563746703874209
0.09445480569930033
0.08900604863910364
0.09151354574608797
0.08665344795475502
0.13483439443462952
0.08824573592775126
0.09849200476441411
0.0930479528215368
0.09000855073911458
0.08905867906779111
0.09093882593833583
0.08931900199501364
0.09307382677565419
0.08821889299701718
0.09557708294251738
0.06160954937469715
0.0877906521995211
0.08813821294302578
0.09708045370871987
0.09660015918434037
0.10351669196486962
0.08836568186946861
0.08908622681370533
0.087535164746494
0.08905927696698389
0.08714117472953871
0.08615408223104491
0.09275872689239538
0.09776450694807234
0.08678573253834179
0.08844517189331041
0.09658323983518714
0.08660604700504572
0.09161577511837236
0.09422432744046091
0.09084708009651524
0.09820280036749447
0.0901696183789117
0.09044164437804318
0.09413356194419092
0.09195677975052349
0.0873576653540122
0.08751179187298393
0.09115451223185565
0.09049739776862865
0.08961928686560532
0.08927437036889962
0.09484492134007004
0.09355283283688777
0.08821145269396408
0.09183058700323811
0.08911139572155535
0.09152130566467113
0.09598062790468372
0.08602211585415091
0.09395704914586653
0.08856040597838391
0.09019306556584226
0.08818196840385989
0.09630723917981614
0.08765208933969897
0.10974747157812359
0.09578410557328791
0.09396994405334222
0.08361156124393844
0.08647341542649971
0.09246866178850724
0.08873343826637946
0.08802646205217368
0.08908880957907883
0.08776072459646991
0.09024767842949179
0.08765140406519879
0.09555968856204863
0.09057725185699765
0.09205966052037624
0.08485029395688262
0.09083551361275151
0.0913870901947965
0.08842446980292015
0.09451363650371998
0.0747519750235954
0.08785667712780965
0.09126987793351295
0.08813925375054661
0.091546815657295
0.08963085670787746
0.08930399777083227
0.08863876887834764
0.11066478308366526
0.08949605051511078
0.09572225751788488
0.09038319188320967
0.08945375351183502
0.08807838662665757
0.08785196230107441
0.08871352123745352
0.08984419024796785
0.08935217034201219
0.09157452926719185
0.08759486615046237
0.08695358551760554
0.0933160940755422
0.08303263270960765
0.08648663108379062
0.0902520459825757
0.09036206217430849
0.09607382049823913
0.08687000847107301
0.0892082155309154
0.09041669638269098
0.09312644948235019
0.08968024637014696
0.0919652384490039
0.09451073312779516
0.09129644355825754
0.0970920230145266
0.062114846945161714
0.0971366178144805
0.08730367275959001
0.09528378871024397
0.0888973243430262
0.08974841276227612
0.11418043547349009
0.08940339732357033
0.0882771513009096
0.11351815576470056
0.08706076704414105
0.08832796856066921
0.0900900170612597
0.09691235578238253
0.093169599516331
0.09093412981694216
0.08834904220824619
0.08873599070687681
0.09036710478438499
0.09091546653713053
0.08595201475616729
0.06185659076837864
0.09936092658977308
0.08912020342900488
0.07900213331853538
0.08967572254584726
0.08677839993581818
0.08857194348591732
0.11924312227045084
0.0869602433203349
0.0926998709558191
0.09031185073289226
0.08879926391258323
0.09697186364480327
0.08801084051363076
0.09097890182016048
0.10002280701808332
0.08885039811220234
0.09283776731764905
0.09154742661361637
0.09044036129926997
0.08648980155362015
0.10435911361479037
0.11314029402151501
0.09797129733006947
0.09665242753910426
0.10323847651899924
0.09329425307771927
0.09447854847444381
0.08679472726501253
0.0881728192028301
0.08590422812845133
0.0933594631168751
0.09608056489817549
0.089003488637313
0.09075835482659522
0.11947229425468373
0.08803354702321395
0.09165939022624622
0.08782281231217866
0.09771969558218047
0.13439258694117182
0.08932672888202044
0.10299086429712638
0.08740012142643502
0.08807394563649787
0.08884811162152617
0.08834007086502899
0.08671178425129146
0.09821732313167278
0.08806076330669087
0.10154196158429026
0.08974617874332658
0.08979579373899431
0.0954370522083055
0.08834203482961062
0.10689971788212652
0.09825666603975847
0.08733192030282062
0.09321755068490785
0.07857147834497444
0.08950727441841602
0.10645031448338682
0.09024160820153482
0.08935288320879943
0.09290977846507754
0.09035194644948775
0.09159173527027722
0.10979956392109223
0.09117626669977198
0.08876180611473376
0.10159921510155213
0.08995745809322196
0.0881138222981994
0.12571531549621578
0.08993625788160137
0.11950290724185088
0.09309918157999786
0.08139155989027597
0.06295569807952306
0.0834601858878851
0.09288185101821667
0.09499076204304596
0.09098431739290201
0.09051226783074567
0.0920287222563342
0.08877272346830414
0.09872796271492096
0.09122658115306236
0.08853004758619852
0.09890248841283038
0.09471079957211419
0.08882624395846794
0.08795034908921824
0.09415735654307647
0.08061607021235472
0.09092916182137886
0.09386778909764633
0.08827295057554464
0.08727726860120963
0.09854365144792485
0.08868058535464086
0.0769293471235634
0.08921628465466797
0.101288224561423
0.08560124375031128
0.09779743456111561
0.08854102811266888
0.08675205451896456
0.09182968317601291
0.09104355571037225
0.08685909836447683
0.09556248337877901
0.08638274840698784
0.0872500830409482
0.06362784704360212
0.09127075832561968
0.08895753247069445
0.09321803414561197
0.08882830053291114
0.0928997367637033
0.10178179780771991
0.09029819765100551
0.09406987210110458
0.09014719131953466
0.09214920195912096
0.08833545518475716
0.0891960119408808
0.08985404744333125
0.09211522576903233
0.09455385868583756
0.08799732236856773
0.08929389233747594
0.07355207687478203
0.08836391919782638
0.08649294766999102
0.08922282199753435
0.08961145088395289
0.09132744897072784
0.09209429505128461
0.09375521624995926
0.09283737075952428
0.08992727451831449
0.0902865810820856
0.10364573705043537
0.11732477906857719
0.08279274091902199
0.09247501961360961
0.08778840057382208
0.09000346308238871
0.09047776031626883
0.1002728902446385
0.08726843209697127
0.09123689801662893
0.09014046767678895
0.08641957160635566
0.08783918247441842
0.08905473260124766
0.0884204802600452
0.0894253146491327
0.08936217928678555
0.09321240237669765
0.11011347598426713
0.08952645680086779
0.09058929917731276
0.0861763193729184
0.08747305666266364
0.0631527234152238
0.08650686474665105
0.08856075714634726
0.09360477575082264
0.08880343673619723
0.08734213017487513
0.09366672955929732
0.1218570130861308
0.08837118153608983
0.10563838709116495
0.08916453647260437
0.0873133219465519
0.08750095360222206
0.09353033505701697
0.09277344371544836
0.08695241042640138
0.1033309144261274
0.09335043701783202
0.09195586348485817
0.0902820117125599
0.08724825815469507
0.08912692778045812
0.08695304521122084
0.08818914339299175
0.0906325324284866
0.09021294304346202
0.08782227833535398
0.0892081251819745
0.08427802118819189
0.08918322671762606
0.09010951253510495
0.0887776053898253
0.09363363425274787
0.08986210621726523
0.10611334032191551
0.08885428076767361
0.08718136597056089
0.09820372126584252
0.08803639033102527
0.0623985452181758
0.09161231875494581
0.08706001035553565
0.08783404802443458
0.0918895077391087
0.0880250263629094
0.09224387357034632
0.08608080630193429
0.125234360989589
0.09572730346573584
0.09295034117628848
0.08964976707949657
0.09172694019027668
0.08758920633773101
0.08696270241306803
0.09342549241569409
0.08663595310743077
0.08825751924587576
0.08305257601078318
0.09306410149390247
0.09558339393903592
0.0867187520553922
0.08979861384802014
0.09121908825648811
0.08926019159646707
0.09413722974731938
0.09329804848836686
0.09023191072276776
0.09435729773034093
0.09365540262439379
0.08780063219605778
0.097780559085228
0.0862070694220305
0.08835875975634151
0.08925396777922473
0.09091617462528169
0.08728695666200262
0.0897069693992975
0.0887296788349226
0.10784593489510348
0.0870741417795349
0.09933177110777346
0.09403197693912295
0.08857432169109408
0.08685250909227324
0.08945580026255535
0.09132036728668746
0.08989180854623646
0.08646338713026236
0.09050493837357704
0.08546445360861556
0.08781032907428903
0.09578152958404458
0.09156908133872521
0.09182925582973289
0.09353643274858892
0.09171684433556294
0.09196667333406852
0.08608561447487068
0.08852849681624597
0.09222258568204109
0.09042188367124061
0.09780335087469223
0.09185536832478977
0.08842372646136329
0.08860081683737438
0.09651285891379806
0.09415934378423767
0.08816021733403583
0.08615537152037353
0.08729723546518237
0.08918058339565742
0.09398742467989613
0.09254799978529979
0.09415124497772928
0.09260214686679194
0.09411634686349613
0.08827451065158888
0.09078294007357092
0.09375225072706919
0.08892636530397799
0.08837105206756712
0.08361909222189227
0.09807522329235299
0.09271734651821097
0.09459720123785947
0.09449493087983082
0.09264013337733712
0.08898053802072466
0.08877620485759324
0.08913910170727435
0.10036759603896868
0.08606379039549142
0.09352196720356262
0.08712342576284503
0.09843624890479233
0.09158872168845528
0.0862229095675757
0.09007571466927927
0.08822953857897833
0.09735214048893127
0.0931962166651933
0.11423607096938015
0.0907209370128974
0.10243530187342116
0.08803332807083258
0.09485882122790093
0.09402059821913607
0.10229922371605622
0.08576446940089182
0.11243326816887761
0.10544044854617045
0.15056773651563551
0.08908507088299829
0.09449236501078181
0.1118562537433729
0.08955096808859486
0.08959758315602664
0.08981582341022484
0.09422897655569752
0.08774832753448557
0.09783064933433183
0.10728766513418314
0.09868538065560699
0.0899630767264135
0.08950698142789422
0.05679858400043075
0.09801594610738323
0.08672676169961611
0.11472903009183927
0.08694183902224821
0.0953070586487878
0.10792104968067845
0.12368726555191392
0.0875652235181874
0.08992829931097224
0.09016290994866259
0.09326442003382696
0.09599422227243093
0.08949157907690244
0.10343081653168773
0.1272162253333396
0.08734614709729067
0.10577363930925476
0.10136533098388946
0.08953380075130728
0.09123355020005217
0.0909845930075309
0.09291091316762876
0.08846536769473323
0.0909584658651508
0.09471377015533532
0.09217808497580098
0.08942899268678521
0.09039547802142155
0.12601710497690666
0.08770077092034992
0.09376511850455775
0.0932098213214583
0.0917115017324428
0.08780437669167171
0.08964452081140353
0.09173536648999603
0.09162522842650649
0.2425088743540716
0.09943625890196756
0.08729689876287763
0.09044829373478869
0.08992229607893477
0.09408861315848147
0.08675867215602191
0.09403221301070641
0.09384291132641916
0.08663251917639639
0.09214827386248989
0.10808797105856356
0.1321969154798768
0.08925288012804998
0.0965481823963022
0.09044956409859374
0.09826795119323345
0.0876524260070586
0.09990923472752058
0.10585971259613303
0.08757152777191285
0.08765795098264903
0.08175544825080916
0.10082897669941834
0.08670666502962328
0.09293293101885672
0.0872297182623328
0.0897929784345885
0.09340836774628795
0.09065214946611395
0.08732224804608146
0.08494452913027958
0.06406850336584351
0.09509645842597336
0.08547198877858408
0.1231692549922983
0.09381878462551811
0.10267194967499996
0.08672333963231346
0.0928465900550838
0.08862225496314784
0.1337932929560006
0.08526070875698231
0.09033868615334435
0.08819982899288623
0.08614320232873326
0.09578587326553545
0.0579079645189182
0.10257114218713141
0.08851474134832688
0.09174215446857564
0.08621034629154717
0.08977186783461298
0.09146094219353196
0.08765466656598793
0.0887830300278898
0.1093515118228005
0.09186022170802066
0.09852635646053445
0.08347170759920908
0.09140837866285628
0.09338780018183153
0.09038609647006482
0.0930689912529938
0.11370978949556872
0.10184075800224938
0.0872761814406619
0.0679935949516129
0.1015658462760833
0.08658992263179535
0.08309194067789598
0.09473101172106718
0.09633467713835395
0.09108725082108966
0.0892732650606257
0.09256209612790059
0.09790865324050761
0.09054044433579024
0.08977648882563616
0.08776707263072346
0.08923997054948359
0.09333592304631168
0.09542455104549243
0.08912178480629974
0.09196997155420589
0.08984711132596741
0.09612786894625501
0.1087717547294832
0.09563505133155548
0.09464449127137323
0.09579469009012336
0.09288571373403
0.09095715173979729
0.09490249869588312
0.08809940997626306
0.12329604438472642
0.10484333962534262
0.09423110624508024
0.10106375621991497
0.08554442721723533
0.09405864461008129
0.11983447862874565
0.08904405825753531
0.0905098719305194
0.0926910975279037
0.10857837071225986
0.08583048213771148
0.11255060199667727
0.0928407438169464
0.09054346473055774
0.09788402630426106
0.09641119439571003
0.09118246987577584
0.08723656345859855
0.10537449805270908
0.08594920092005941
0.5476418612075316
0.10130440024058576
0.09079727924988568
0.10372442345704629
0.1020008585265554
0.09004933351420594
0.08913011352918443
0.08527881751516353
0.09132113011909299
0.08810807976103927
0.09025123204012254
0.09161252296555356
0.09107683880830915
0.09327684255269968
0.09185451267004274
0.0897731878473475
0.08684191041662069
0.0810836511740505
0.09990103238247497
0.08948001353180123
0.0880544480579548
0.06726539384262009
0.08731091911495029
0.08803234038112596
0.09905930948437132
0.09197713619102248
0.0879071081837546
0.0924803679671578
0.08960808068382664
0.09121359643320798
0.09070999335562745
0.0884491785467644
0.09193178278863913
0.08748717187594053
0.09347842393681012
0.08383272654330308
0.08721061961470393
0.09078707335600765
0.08939070437151442
0.0921582048952497
0.0897912830569665
0.08937917960011012
0.0910596420889809
0.09270676043597607
0.1113612074072006
0.09059379556680362
0.102429369439918
0.09116120872822919
0.09564333443923158
0.10582200715308561
0.08750321952581093
0.09709413365875938
0.08733411951269542
0.09079865845943512
0.08557036422637833
0.13878849427283746
0.08964283525929491
0.08885728707023798
0.08748492732460862
0.0870829621474954
0.08441786812823839
0.08986061936351575
0.09246355252654799
0.09192746753943493
0.08843118742774106
0.09635949912591263
0.08910503007633694
0.08771516378328224
0.08816401795164107
0.1133424563632905
0.09184018002988902
0.09033291056668104
0.09566758566560937
0.08496888762429164
0.08647870380392385
0.11315793185611947
0.09527087211295544
0.08657240347543424
0.09292983951233388
0.08967723857740766
0.08977693328671497
0.0868245732803733
0.08892615923806879
0.0918773029021793
0.08684989551599628
0.09692202553131245
0.10853958118462216
0.09097086499815274
0.09050029135609398
0.08751077181597289
0.09059150302126821
0.09265289530129564
0.09348120342330049
0.08774195772998314
0.08894831241320189
0.09372041473673029
0.09760474415115952
0.0901619009998107
0.08955617253550956
0.08905191067452468
0.08781464752201375
0.0919766570746716
0.08840744083932382
0.09087494707325856
0.08871882909471007
0.10102619817952702
0.09294103023121691
0.38103618286674856
0.08682802792064391
0.1191280074245578
0.1011068306246539
0.09355861790089845
0.08832652524251436
0.09544891868185258
0.10083777970450156
0.08612054200942593
0.09323317595913615
0.09606691036229696
0.09375648723864727
0.09210871905391882
0.08998008931004194
0.09065511657829459
0.0890132147726348
0.09000856661175803
0.09100131017104403
0.0916123369895194
0.09320948459662161
0.09181097561577818
0.10743491749444316
0.08955807328390843
0.09124748651077692
0.09087748530821609
0.08720870350236964
0.08950475346541165
0.09573005824918185
0.061561495212926066
0.08475655949859584
0.11590811150431156
0.0884818118567786
0.09093342215922644
0.11316964582551846
0.08726963738953815
0.11354947669642389
0.0869041584820592
0.09897088120942028
0.08909913351500036
0.08626516915247244
0.08912761868834639
0.09565127055795343
0.09967275463747582
0.08711717803595029
0.10029939829390723
0.09643134062222462
0.08612783993616355
0.09007032775928796
0.09055424476120943
0.06498099122930055
0.09337310329485721
0.09266441320610913
0.09252319286365783
0.0903080320889909
0.08764855012067195
0.09687400833284772
0.09031826335478746
0.08968743255597461
0.08755790179883725
0.14007823466072777
0.08604773847266838
0.12378659265797652
0.09374142055754411
0.09227932828222833
0.08949912930288516
0.09032591478464297
0.08475715357506833
0.10021560621425726
0.08716962760838086
0.08737740056108838
0.09513871687769873
0.10094725820243493
0.09373331461102705
0.08758595420254923
0.09335144268756779
0.09275241764361296
0.09138894731315983
0.0878917434150301
0.0878722448662257
0.10112908695446413
0.09622951691092692
0.09057631570473233
0.09054855352335202
0.08818825057357606
0.08690775492833186
0.08576474218624136
0.09723556836963027
0.08946087007944822
0.08922381036155029
0.08776652111340778
0.09213055823279567
0.10439173454957743
0.08582767843646673
0.08911666293170498
0.08964805867222485
0.08675596811969057
0.06717844334752597
0.08838971921604642
0.09321575316857811
0.08719341346299424
0.08835861477357984
0.08384837155255921
0.08788869776631342
0.09497214524847224
0.09109082699328934
0.0866902378608247
0.08895715460536913
0.09209512549403141
0.09702130812612585
0.07152456111293017
0.09031123151410479
0.08688156847742136
0.09295186496549458
0.09230261905752722
0.08555820893662108
0.09947514914740654
0.08593999355236959
0.08578694553338571
0.08888003842374985
0.09052628493526464
0.08843719228808883
0.06466086245687368
0.0998847611900555
0.09277488038438488
0.09391401852395825
0.08344439545584625
0.09968813744424072
0.0902544218104294
0.08936475596220426
0.08956160126106372
0.08947290474227909
0.09117566988460411
0.08782266923169597
0.08894574076081191
0.08740325630907037
0.08834384631803577
0.09019960995072442
0.0878745529467999
0.09035520440286325
0.09116413267161252
0.08150168042900885
0.09551432901625591
0.0863873154163086
0.09299974313453405
0.09548610634103598
0.0900536586748592
0.09173204002115788
0.0959608138689895
0.0904163732375813
0.08878513475664487
0.0929864149669675
0.10079542530037643
0.09323119047891198
0.08861636135074118
0.08878014382315445
0.08806660225939618
0.08750546140767307
0.09258075557261448
0.0998507980758574
0.10989937750648085
0.09339849970634923
0.08909997271637178
0.11322732017078284
0.08804923120387215
0.0897925414153407
0.062095538901438534
0.08786275104705561
0.10455245171649166
0.09387567060859334
0.09873559685680434
0.09159731641553547
0.08381216575693536
0.08916424045258149
0.08765864715779767
0.1014137861704429
0.09010594171615845
0.09050058662365403
0.10958627047008017
0.10136259835359893
0.08519592229077302
0.09189161692175014
0.0920993910359756
0.09164790889173322
0.09129207096161009
0.12487268448398853
0.09054708039977866
0.08877273389055455
0.08962895838402553
0.09435085345147287
0.09121022734919523
0.08775570114593188
0.09622423293692046
0.08928443392103022
0.10849811086580538
0.08958909825739347
0.09266469942157732
0.08946731372171432
0.08832661427813882
0.0875941979113295
0.08698443800814895
0.09609906436001676
0.08884301254247577
0.08953765350387914
0.0896247480350902
0.11614673923163941
0.09042303782404978
0.08698224678936736
0.09484338021418952
0.09552131281898964
0.09000942124489611
0.089069166974299
0.10184928589327413
0.09425260568786269
0.09392090945120465
0.08621701535776685
0.09847141768333502
0.0951044351829659
0.08910709193332478
0.09382300721029598
0.08737809211769557
0.08676828489330175
0.1030128113197605
0.09275392851183838
0.08888247291071294
0.11231431003099358
0.08846860129204144
0.1168321032659699
0.09134253580463303
0.09186345246236545
0.09145564516173767
0.11504964914615312
0.09081579067144245
0.09293502043151504
0.11713589126814873
0.09525154137641581
0.11282511064702094
0.0918458949407069
0.07571885084976913
0.09142443635128952
0.10488954658661169
0.12055172810760374
0.08631842329376532
0.10088808256139838
0.10049974236522626
0.1047556597644412
0.08778430902717634
0.08873656779990263
0.08901059754064165
0.09022333052013778
0.15159720744521585
0.09607008058101241
0.09019685363146046
0.11388656170062471
0.0983853993290961
0.09221519391069476
0.09653815561808506
0.1087649794606004
0.08654331928224324
0.09144262197000434
0.0873208368541814
0.08809614855367272
0.10275069252245726
0.08775903153731981
0.09227720426975031
0.0911122048541925
0.09031254329706966
0.08773166496396037
0.10188982110812797
0.09406169591550526
0.09053679520721729
0.08775241391342217
0.09491460185451907
0.08736558772835372
0.08939442375661724
0.09402956235758286
0.08963028862971645
0.11322242021536288
0.08846055130453408
0.0877019532555164
0.08723362010379476
0.09625071972303374
0.10965512912912952
0.08728112244412335
