[]
[44]
[3]
[14, 42]
[]
[7, 12, 20, 42, 46]
[1, 3, 8, 18, 23, 29, 30, 31]
[0, 11, 15, 17, 29, 40, 45]
[4, 11, 15, 20, 23, 42]
[16, 21, 23, 25, 29, 39, 44]
[1, 5, 10, 13, 26, 28, 39]
[5, 6, 22, 39, 41, 44, 48]
[1, 4, 18, 22, 26, 27, 35, 36, 42, 44, 47]
[0, 1, 8, 17, 22, 23, 24, 28, 29, 43, 46]
[4, 9, 11, 15, 16, 22, 27, 29, 32, 33, 34, 35, 39, 44, 46, 48]
[]
[]
[1]
[10, 22]
[10]
[10, 34]
[1, 10]
[1]
[1, 34]
[1, 34]
[1, 10, 34]
[1, 10, 34]
[10]
[1, 10]
[1, 10, 22, 34]
[]
[9, 42]
[9, 39]
[3]
[39, 41, 44]
[3, 11, 44]
[3]
[3, 11, 41]
[3, 11, 18, 39]
[3, 18, 41]
[3, 9, 18, 39, 41]
[3, 9, 39, 41]
[3, 18, 39, 41]
[3, 39, 41, 44]
[3, 9, 39, 41]
[35]
[]
[4, 14, 35]
[]
[12, 25, 38, 48, 49]
[8, 10, 32, 35, 38]
[35, 38, 41]
[3, 4, 8, 10, 14, 35]
[0, 3, 4, 7, 10, 12, 14, 19]
[7, 14, 38]
[10, 14, 35, 38, 49]
[7, 10, 12, 19, 26, 32, 35, 38, 41, 49]
[35, 38]
[7, 10, 12, 32, 35, 38]
[0, 3, 7, 32, 35, 38, 48, 49]
[12]
[10, 14]
[9, 39]
[1, 11, 36, 46]
[9, 33, 42]
[9, 14, 47, 49]
[9, 14, 36, 39, 47, 49]
[11, 14, 33, 39, 47, 49]
[11, 14, 15, 19, 33, 47, 49]
[9, 11, 14, 19, 30, 36, 49]
[1, 11, 33, 36, 49]
[9, 11, 19, 33, 36, 39]
[9, 11, 33, 36, 42, 47]
[9, 11, 19, 30, 33, 36, 42, 47, 49]
[3, 9, 11, 19, 20, 30, 31, 36, 39, 47, 49]
[10, 33]
[]
[1, 7, 11, 20, 23, 42]
[1, 7, 24, 33]
[6, 20, 42, 47]
[24, 33, 45]
[1, 7, 12, 13, 23, 33, 38]
[11, 20, 24, 33, 43]
[1, 6, 8, 13, 15, 16, 22, 23, 24, 38, 42, 45, 48]
[1, 6, 7, 24, 30, 33, 45, 48]
[1, 7, 11, 23, 25, 33, 42, 43, 44, 45]
[1, 4, 7, 20, 25, 38]
[4, 6, 13, 16, 20, 25, 33, 42, 45]
[11, 13, 16, 20, 24, 27, 43, 45]
[1, 2, 3, 7, 20, 24, 27, 37, 43, 45, 47]
[23]
[9, 14, 18, 36, 38]
[8, 38]
[2, 8, 15, 46]
[8, 11, 14, 32, 34, 48]
[9, 10]
[4, 5, 8, 9, 10, 12, 14, 20, 21, 22]
[2, 8, 10, 21, 32]
[2, 6, 8, 10, 14, 22, 34, 36, 44]
[2, 4, 5, 10, 14, 21, 22, 42, 44, 46]
[2, 4, 10, 14, 18, 21, 38, 42, 48, 49]
[2, 8, 10, 14, 21, 48]
[2, 6, 7, 8, 10, 14, 18, 22, 23, 42, 48]
[2, 15, 22, 29, 36, 48]
[2, 5, 8, 10, 12, 21, 22, 32, 46, 47, 48]
[16, 25]
[]
[10, 13, 44]
[26, 46]
[3, 23, 26, 40, 44]
[26, 30, 36, 40, 44, 46]
[10, 18, 30, 32, 44, 46]
[16]
[17, 23, 26, 30, 46]
[3, 32, 36]
[3, 16, 30, 40, 44]
[3, 10, 13, 16, 25, 36, 44, 46]
[1, 10, 30, 40, 46]
[3, 4, 10, 11, 25, 30, 32, 40, 44]
[1, 2, 4, 10, 13, 14, 16, 23, 30, 32, 40, 44, 46]
[37]
[11]
[18, 31]
[0, 31, 39, 43]
[2, 9, 15, 24, 48, 49]
[0, 18, 20, 27, 37]
[6, 12, 15, 30, 31, 37, 39, 48]
[0, 4, 11, 29, 31, 37, 42, 46, 49]
[4, 6, 11, 12, 20, 30, 31, 33, 37, 48]
[0, 7, 15, 24, 37, 42, 43]
[4, 11, 18, 22, 29, 31, 33, 39]
[0, 6, 7, 11, 12, 15, 18, 20, 40, 43, 49]
[0, 6, 7, 9, 12, 15, 17, 25, 29, 30, 31, 37, 39, 40]
[0, 6, 7, 9, 12, 15, 22, 24, 27, 29, 31, 32, 33, 36, 39, 43, 48, 49]
[0, 4, 6, 7, 11, 15, 20, 22, 29, 30, 31, 37, 43]
[18, 42]
[]
[1, 37]
[7, 11, 20, 40, 41, 42]
[11, 12, 13, 32, 35]
[6, 18, 19, 20, 24, 25, 26, 32, 34, 41, 42]
[3, 13, 35, 41]
[1, 3, 7, 9, 10, 11, 13, 18, 19, 24, 25, 27, 30, 31, 33, 34, 35, 37]
[3, 10, 11, 20, 24, 34, 41, 42, 44]
[1, 6, 7, 9, 10, 11, 13, 20, 24, 25, 32, 34, 37, 42]
[1, 4, 7, 10, 11, 13, 20, 24, 30, 34, 37, 38, 40, 43, 49]
[1, 3, 4, 20, 30, 37, 40, 43]
[1, 4, 10, 13, 20, 24, 25, 27, 32, 34, 38, 42, 48]
[1, 3, 4, 12, 13, 20, 24, 25, 26, 27, 32, 33, 34, 35, 41, 42, 44]
[1, 2, 3, 4, 20, 24, 25, 30, 32, 40, 41, 49]
[1, 34, 42, 44]
[26, 36, 39, 40, 48]
[0, 1, 29, 31, 34, 37]
[0, 3, 24, 33, 34, 36, 38, 40, 41]
[3, 4, 9, 14, 20, 22, 26, 34]
[2, 4, 19, 22, 34]
[2, 4, 14, 19, 22, 33, 34, 42]
[5, 10, 11, 22, 25, 26, 29, 34, 36, 49]
[0, 1, 16, 23, 24, 29, 36, 37, 39, 41, 44]
[3, 4, 11, 14, 22, 34, 35, 36, 38, 40, 41, 44]
[2, 3, 10, 11, 14, 19, 23, 25, 26, 29, 33, 34, 36, 37, 38, 44, 49]
[1, 13, 14, 18, 19, 22, 26, 33, 38, 40, 41, 48]
[3, 4, 9, 10, 13, 18, 22, 24, 26, 29, 31, 35, 36, 38, 40, 41]
[1, 4, 11, 14, 15, 16, 24, 25, 26, 33, 34, 38, 39, 40, 41, 47, 49]
[2, 3, 11, 14, 16, 19, 26, 29, 30, 34, 35, 36, 37, 38, 39, 40, 49]
[46]
[11, 18, 31, 35, 44]
[7, 10, 24, 26]
[15, 18, 26, 41, 43]
[7, 15, 21, 22, 26, 33, 43, 44]
[2, 5, 7, 13, 15, 16, 18, 22, 25, 33, 43, 46]
[2, 7, 11, 13, 22, 24, 28, 37, 43, 46]
[7, 15, 20, 21, 22, 47]
[0, 3, 10, 12, 13, 22, 25, 30, 37]
[2, 3, 6, 7, 12, 15, 22, 25, 26, 32, 33, 35, 36, 46]
[0, 7, 11, 12, 14, 15, 19, 21, 22, 25, 28, 37]
[6, 7, 12, 19, 25, 26, 35, 36, 41]
[2, 3, 12, 13, 14, 20, 21, 24, 26, 30, 31, 37, 44]
[2, 6, 7, 10, 11, 12, 15, 18, 22, 25, 26, 28, 30, 35, 37, 46, 47]
[0, 1, 2, 5, 12, 16, 18, 20, 21, 22, 25, 26, 35, 43, 44, 47, 48]
[21, 41]
[8, 23, 31, 49]
[6, 7, 12, 46, 48, 49]
[6]
[2, 5, 10, 14, 23, 25, 34, 40, 41, 48]
[14, 16, 24, 25, 26, 34, 47, 48]
[5, 12, 14, 22, 33, 34, 39, 40, 46]
[5, 6, 12, 14, 19, 25, 28, 29, 34, 35, 39, 41, 44, 46]
[0, 4, 6, 15, 29, 34, 40, 46, 48]
[2, 6, 7, 12, 19, 24, 25, 29, 46, 48]
[0, 2, 14, 15, 19, 24, 26, 31, 34, 41, 48]
[2, 6, 12, 15, 23, 25, 29, 34, 35, 40, 41, 42]
[6, 9, 16, 19, 21, 25, 26, 34, 35, 39, 41, 46]
[12, 14, 15, 19, 24, 25, 29, 31, 34, 35, 41, 44, 45, 46]
[0, 1, 4, 11, 14, 21, 25, 28, 29, 31, 32, 34, 39, 41, 44, 46, 48]
[29, 43, 47]
[19, 26, 32, 42]
[0, 8, 25, 43, 46]
[1, 3, 6, 8, 24, 44]
[1, 5, 11, 25, 27, 29, 34, 36, 42, 48]
[5, 6, 10, 19, 22, 26, 27, 29, 32, 34, 36, 42, 44]
[3, 8, 11, 14, 19, 21, 25, 30, 32, 34, 36, 41]
[4, 5, 25, 29, 32, 41]
[0, 1, 5, 17, 21, 29, 32, 33, 34, 45, 48]
[0, 1, 4, 5, 14, 15, 17, 19, 22, 25, 26, 32, 34, 42, 44]
[3, 6, 11, 25, 26, 29, 32, 43, 45, 48]
[4, 6, 11, 14, 15, 17, 19, 21, 22, 24, 27, 29, 30, 34, 38, 42, 43]
[2, 5, 14, 15, 21, 24, 27, 30, 32, 33, 38, 41]
[0, 1, 3, 4, 5, 17, 19, 21, 29, 32, 33, 35, 41, 43]
[0, 2, 4, 5, 6, 10, 14, 15, 19, 21, 25, 26, 29, 32, 33, 34, 35, 38, 44, 45, 48]
[24, 30, 33, 44]
[4, 8, 10]
[2, 12, 14, 31]
[0, 13, 27, 40, 44]
[1, 21, 40]
[1, 2, 9, 10, 13, 26, 33, 34, 43, 45]
[0, 10, 13, 14, 15, 17, 24, 25, 29, 32, 44, 46]
[6, 16, 19, 26, 27]
[2, 5, 9, 10, 13, 20, 22, 24, 33, 39, 40, 43]
[1, 2, 4, 10, 13, 14, 25, 26, 29, 38, 42]
[4, 5, 6, 12, 13, 16, 19, 23, 24, 25, 27, 29, 30, 31, 33, 34, 43, 49]
[0, 2, 13, 14, 17, 24, 25, 27, 30, 33, 38, 39, 40, 45, 46]
[5, 6, 10, 14, 16, 18, 23, 24, 25, 30, 38, 43]
[1, 2, 5, 6, 10, 12, 17, 18, 19, 24, 25, 29, 30, 36, 38]
[1, 2, 4, 10, 15, 17, 18, 23, 24, 25, 26, 27, 29, 39, 40, 42, 43, 44, 49]
[2, 14, 40, 45, 48]
[45, 49]
[1, 4, 14, 35, 42, 48]
[6, 13, 19, 43]
[1, 3, 14, 24]
[3, 8, 13, 16, 21, 32, 34, 48]
[2, 11, 16, 19, 27, 33, 34, 35, 46, 49]
[3, 8, 9, 16, 19, 25, 33, 40, 43, 49]
[2, 4, 14, 16, 18, 30, 31, 32, 33, 35, 39, 42, 43, 46]
[1, 5, 8, 16, 19, 29, 32, 38, 43]
[2, 3, 5, 7, 8, 14, 16, 19, 23, 25, 29, 31, 33, 35, 39, 43, 45, 48]
[2, 3, 5, 6, 8, 10, 11, 14, 16, 27, 31, 33, 38, 39, 40, 46]
[1, 2, 3, 8, 11, 14, 16, 18, 19, 22, 23, 29, 32, 33, 34, 49]
[1, 3, 5, 7, 8, 10, 13, 14, 15, 16, 23, 27, 29, 32, 33, 34, 39, 40, 43, 44, 46]
[1, 8, 9, 11, 12, 16, 18, 19, 22, 24, 25, 27, 31, 33, 37, 38, 39, 40, 41, 44]
